ITERATION	CLUSTER_SIZE	KCL_SCORE	MCL_SCORE
2	3	1.0E8	0.11826215077035242
2.2	3	1.0E8	0.11826215077035242
2.4	6	1.0E8	0.07522175065207366
2.6	8	1.0E8	0.07421904320770031
2.8	8	1.0E8	0.07421904320770031
3	9	1.4885276931603766	0.06874745378294209
3.2	11	1.4885276931603766	0.06088643923396021
3.4	12	1.4885276931603766	0.051556548161824096
3.6	15	1.4885276931603766	0.04080012172473223
3.8	15	1.0062558034850642	0.04094795984623358
4	18	1.0062558034850642	0.035498879717105206
4.2	19	1.0062558034850642	0.03543457033115012
4.4	20	1.0062558034850642	0.0341157380670902
4.6	22	1.0062558034850642	0.03197457858576243
4.8	25	0.908732103051856	0.028798566528020084
5	25	0.4064904189325529	0.03001515943992118
5.2	29	0.4064904189325529	0.027824028973909787
5.4	32	0.21533894217254662	0.025469345478813923
5.6	37	0.21533894217254662	0.02206486685642324
5.8	39	0.21533894217254662	0.021723043100098604
6	42	0.2097965874164651	0.019376799731770342
6.2	44	0.2097965874164651	0.017636187659808227
6.4	45	0.2097965874164651	0.017199019308052888
6.6	46	0.2097965874164651	0.017243670543246346
6.8	51	0.18577053349976147	0.016021745206650846
7	50	0.12316875684629604	0.0164728006972761
7.2	49	0.12316875684629604	0.017100496979648654
7.4	50	0.12316875684629604	0.017253808093632427
7.6	54	0.12316875684629604	0.01647660585431485
7.8	55	0.12316875684629604	0.01644571127707715
8	56	0.12316875684629604	0.016096485608085166
8.2	57	0.12316875684629604	0.016135248502301722
8.4	58	0.12316875684629604	0.01666809820150229
8.6	59	0.12316875684629604	0.01582604146462058
8.8	60	0.07409377854840216	0.0156321380046503
9	61	0.07409377854840216	0.015578602776754153
9.2	61	0.07409377854840216	0.01585533299102055
9.4	61	0.07409377854840216	0.017338852599279416
9.6	63	0.07409377854840216	0.017001024642715922
9.8	64	0.07409377854840216	0.017001024642715926
10	65	0.07409377854840216	0.016736386327286024
10.2	66	0.07409377854840216	0.017255634265785386
10.4	66	0.07409377854840216	0.017255634265785386
10.6	66	0.07409377854840216	0.01718519120317733
10.8	66	0.07409377854840216	0.017242234655329435
11	66	0.07409377854840216	0.01742376213060296
11.2	67	0.07409377854840216	0.0171400999589034
11.4	68	0.07409377854840216	0.017029291634242702
11.6	68	0.07023583940850833	0.01656204995436632
11.8	70	0.07023583940850833	0.016338013835464224
12	70	0.07023583940850833	0.016338013835464224
12.2	75	0.07023583940850833	0.015429221025554702
12.4	74	0.07023583940850833	0.01562254715610991
12.6	76	0.07023583940850833	0.015336458464568496
12.8	79	0.07023583940850833	0.014714345372978494
13	78	0.07023583940850833	0.01484686781352316
13.2	81	0.0678156148840524	0.014524110249257559
13.4	82	0.0678156148840524	0.014510501231324005
13.6	82	0.0678156148840524	0.01451050123132401
13.8	83	0.0634213907180398	0.0144476033400846
14	84	0.0634213907180398	0.014434091282517955
14.2	82	0.0634213907180398	0.014756453505796878
14.4	82	0.0634213907180398	0.014756453505796872
14.6	83	0.0634213907180398	0.014763079408665095
14.8	86	0.0634213907180398	0.014320608961906633
15	86	0.0634213907180398	0.014320608961906636
15.2	86	0.0634213907180398	0.014410047395497071
15.4	87	0.04695323528886193	0.014204856741141888
15.6	87	0.04695323528886193	0.014240961716232207
15.8	87	0.04695323528886193	0.014024708786210779
16	87	0.04695323528886193	0.014024708786210784
16.2	87	0.04695323528886193	0.01402470878621078
16.4	88	0.04695323528886193	0.014009120958235888
16.6	88	0.04695323528886193	0.014009120958235885
16.8	88	0.04113436943779928	0.014009120958235883
17	90	0.04113436943779928	0.013883541118613833
17.2	89	0.04113436943779928	0.014342191662549516
17.4	89	0.04113436943779928	0.01434219166254951
17.6	89	0.04113436943779928	0.014342191662549512
17.8	89	0.04113436943779928	0.014342191662549512
18	89	0.04113436943779928	0.014342191662549512
18.2	90	0.04113436943779928	0.014142205537701666
18.4	90	0.04113436943779928	0.014105388923642284
18.6	89	0.04113436943779928	0.014150356900062899
18.8	88	0.04113436943779928	0.014698566129253706
19	89	0.04113436943779928	0.014437227903124688
19.2	90	0.04113436943779928	0.014460189596245041
19.4	90	0.04113436943779928	0.014173093414210657
19.6	97	0.04113436943779928	0.013765227616538688
19.8	104	0.04113436943779928	0.012558254725435274
20	112	0.04113436943779928	0.011645190299233424
21.7	129	0.03546620322423829	0.010153668150441214
23	14	1.2200627014422276	0.0615624579719013
23.2	11	1.2200627014422276	0.0666366699778273